 239.2026    0.9856
  238.8774    0.9776
  238.7458    0.9552
  238.5677    0.9360
  238.5174    0.8976
  238.4361    0.8160
  238.3935    0.7392
  238.3587    0.7232
  238.2968    0.6816
  238.2658    0.6208
  238.2194    0.5584
  238.1535    0.5152
  238.1110    0.4208
  238.0684    0.4032
  238.0374    0.3712
  237.9871    0.3104
  237.9445    0.2240
  237.9019    0.1568
  237.8516    0.1408
  237.7781    0.0896
  237.7355    0.0448
  237.6465    0.0160
  237.5884   -0.0016
  239.1677    0.9952
  238.8271    0.9632
  238.8271    0.9776
  238.7148    0.9440
  238.6568    0.9328
  238.5600    0.8976
  238.5252    0.8736
  238.5058    0.8224
  238.4981    0.8592
  238.4013    0.7952
  238.3703    0.7760
  238.2852    0.6496
  238.2271    0.6272
  238.1884    0.5696
  238.1226    0.5056
  238.0606    0.4496
  237.9794    0.3328
  237.9406    0.2592
  237.8748    0.2032
  237.8090    0.1088
  237.7665    0.0656
  237.7084    0.0400
  237.6658    0.0160
  237.6271    0.0064
  237.6194   -0.0080
  239.1871    0.9936
  239.0400    0.9840
  238.8658    0.9600
  238.6761    0.9520
  238.5445    0.9440
  238.4748    0.9360
  238.4245    0.9088
  238.3742    0.8640
  238.2697    0.8064
  238.2232    0.7280
  238.1652    0.6624
  238.1419    0.5984
  238.0645    0.5136
  238.0297    0.4304
  237.9948    0.3824
  237.9368    0.3376
  237.8942    0.2672
  237.8400    0.2336
  237.7974    0.1792
  237.7781    0.1424
  237.7123    0.0944
  237.5652    0.0240
  237.4568    0.0112
  237.3523   -0.0032
