238.4129    0.9872
  238.2348    0.9744
  238.0374    0.9312
  237.9987    0.9248
  237.9135    0.9184
  237.8361    0.8352
  237.8323    0.8752
  237.7974    0.8144
  237.7084    0.7616
  237.6310    0.7168
  237.6271    0.6512
  237.5806    0.5968
  237.4994    0.5568
  237.4568    0.4944
  237.4258    0.4320
  237.3910    0.3920
  237.2903    0.3216
  237.2516    0.2544
  237.2477    0.1904
  237.1781    0.1696
  237.0774    0.1200
  237.0426    0.0384
  236.9419    0.0160
  236.8761    0.0048
  236.8335   -0.0032
  238.4129    0.9936
  238.2348    0.9840
  238.0374    0.9728
  237.9987    0.9664
  237.9135    0.9552
  237.8361    0.9360
  237.8323    0.9216
  237.7974    0.9024
  237.7084    0.8736
  237.6310    0.8592
  237.6271    0.8224
  237.5806    0.7824
  237.4994    0.7184
  237.4568    0.6816
  237.4258    0.6496
  237.3910    0.5520
  237.2903    0.4896
  237.2516    0.4080
  237.2477    0.3744
  237.1781    0.3296
  237.0774    0.2736
  237.0426    0.2240
  236.9419    0.1520
  236.8761    0.0560
  236.8335    0.0400
  238.9548    0.9936
  238.2000    0.9888
  238.0065    0.9792
  237.9445    0.9728
  237.8865    0.9648
  237.8361    0.9504
  237.7781    0.9344
  237.7277    0.9248
  237.6658    0.9120
  237.6000    0.8800
  237.5690    0.8416
  237.5303    0.7856
  237.4684    0.7520
  237.4103    0.7152
  237.3484    0.6912
  237.3019    0.6288
  237.2323    0.3824
  237.2323    0.5856
  237.2245    0.5136
  237.0774    0.3360
  236.9768    0.2672
  236.9458    0.2112
  236.9303    0.1424
  236.9265    0.1184
  236.8374    0.0816
  236.7639    0.0672
  236.7174    0.0448
  236.6826    0.0192
  236.6090         0
  236.4271   -0.0016
