  239.3295    0.9937
  239.1543    0.9748
  239.0286    0.9590
  238.9143    0.9448
  238.8838    0.9259
  238.8305    0.8943
  238.7886    0.8659
  238.7429    0.8344
  238.6933    0.8013
  238.6400    0.7508
  238.6171    0.6940
  238.5638    0.6483
  238.5067    0.5852
  238.4990    0.5174
  238.3581    0.3738
  238.3543    0.4669
  238.2590    0.2035
  238.2476    0.2981
  238.1790    0.1593
  238.1067    0.1136
  238.0876    0.0647
  237.7867    0.0047
  237.7181   -0.0016
  239.4362    0.9763
  239.3524    0.9700
  239.2419    0.9606
  239.2000    0.9558
  239.0476    0.9416
  238.9333    0.9306
  238.8876    0.8912
  238.8190    0.8549
  238.7505    0.8155
  238.6933    0.7760
  238.6362    0.6798
  238.5905    0.6183
  238.5371    0.5852
  238.4838    0.5095
  238.4343    0.4274
  238.3733    0.3202
  238.3276    0.2508
  238.2819    0.2208
  238.2476    0.1609
  238.1981    0.1041
  238.1600    0.0726
  238.1181    0.0615
  238.0495    0.0237
  237.9848    0.0095
  237.9314    0.0032
  237.8743   -0.0032
239.630476449000	0.990536302000000
239.142856953000	0.984227130000000
239.085713958000	0.962145088000000
238.982857113000	0.919558387000000
238.918095234000	0.905362780000000
238.853333082000	0.840694037000000
238.803809517000	0.820189257000000
238.750476237000	0.776025173000000
238.681904643000	0.739747584000000
238.567618926000	0.615141947000000
238.521904803000	0.544164032000000
238.464761808000	0.451104074000000
238.415237970000	0.389589917000000
238.373333289000	0.285488939000000
238.350476091000	0.208201942000000
238.300952253000	0.151419543000000
238.259047572000	0.118296510000000
238.209523461000	0.0630914650000000
238.163809338000	0.0220820270000000
238.102857174000	0.0157728550000000
237.996190341000	-0.00315458600000000
