# T (K)  // homogeneous nucleation barriers (kT) // nucleation rate (cm^(-3)s^(-1)) 
230.00000000 28.26837254 3.7929e+14
230.21608040 28.76796974 2.5025e+14
230.43216080 29.27630055 1.6357e+14
230.64824121 29.79353092 1.0591e+14
230.86432161 30.31983050 6.7911e+13
231.08040201 30.85537266 4.3121e+13
231.29648241 31.40033463 2.7108e+13
231.51256281 31.95489758 1.6869e+13
231.72864322 32.51924674 1.0389e+13
231.94472362 33.09357148 6.3311e+12
232.16080402 33.67806546 3.8171e+12
232.37688442 34.27292670 2.2764e+12
232.59296482 34.87835770 1.3425e+12
232.80904523 35.49456559 7.8288e+11
233.02512563 36.12176224 4.5129e+11
233.24120603 36.76016436 2.5711e+11
233.45728643 37.40999366 1.4474e+11
233.67336683 38.07147700 8.0498e+10
233.88944724 38.74484646 4.4216e+10
234.10552764 39.43033957 2.3983e+10
234.32160804 40.12819939 1.2842e+10
234.53768844 40.83867471 6.7865e+09
234.75376884 41.56202015 3.5389e+09
234.96984925 42.29849640 1.8204e+09
235.18592965 43.04837031 9.2352e+08
235.40201005 43.81191511 4.6193e+08
235.61809045 44.58941059 2.2774e+08
235.83417085 45.38114325 1.1064e+08
236.05025126 46.18740651 5.2950e+07
236.26633166 47.00850091 2.4957e+07
236.48241206 47.84473431 1.1581e+07
236.69849246 48.69642208 5.2888e+06
236.91457286 49.56388737 2.3765e+06
237.13065327 50.44382670 1.0542e+06
237.34673367 51.33399916 4.6265e+05
237.56281407 52.24080434 1.9960e+05
237.77889447 53.16459882 8.4630e+04
237.99497487 54.10574826 3.5250e+04
238.21105528 55.05816994 1.4511e+04
238.42713568 56.02639750 5.8776e+03
238.64321608 57.01301834 2.3363e+03
238.85929648 58.01843904 9.1099e+02
239.07537688 59.04220421 3.4862e+02
239.29145729 60.07901846 1.3163e+02
239.50753769 61.13585161 4.8694e+01
239.72361809 62.21315870 1.7641e+01
239.93969849 63.31140717 6.2564e+00
240.15577889 64.42809810 2.1774e+00
240.37185930 65.56358930 7.4338e-01
240.58793970 66.72149614 2.4808e-01
240.80402010 67.90234566 8.0877e-02
241.02010050 69.10667979 2.5746e-02
241.23618090 70.33105181 8.0301e-03
241.45226131 71.57944424 2.4442e-03
241.66834171 72.85310123 7.2514e-04
241.88442211 74.15263818 2.0956e-04
242.10050251 75.47803306 5.8994e-05
242.31658291 76.82852523 1.6190e-05
242.53266332 78.20699424 4.3191e-06
242.74874372 79.61414375 1.1192e-06
242.96482412 81.05069889 2.8153e-07
243.18090452 82.51682483 6.8729e-08
243.39698492 84.01366991 1.6265e-08
243.61306533 85.54246341 3.7270e-09
243.82914573 87.10404048 8.2617e-10
244.04522613 88.69926282 1.7702e-10
244.26130653 90.33026260 3.6584e-11
244.47738693 91.99706632 7.2925e-12
244.69346734 93.70061753 1.4007e-12
244.90954774 95.44191636 2.5900e-13
245.12562814 97.22325990 4.5995e-14
245.34170854 99.04709747 7.8258e-15
245.55778894 100.91235002 1.2771e-15
245.77386935 102.82018607 1.9966e-16
245.98994975 104.77181442 2.9867e-17
246.20603015 106.77316746 4.2499e-18
246.42211055 108.82317425 5.7583e-19
246.63819095 110.92148737 7.4319e-20
246.85427136 113.06953055 9.1239e-21
247.07035176 115.26967578 1.0629e-21
247.28643216 117.53159779 1.1638e-22
247.50251256 119.84863316 1.2055e-23
247.71859296 122.22247066 1.1794e-24
247.93467337 124.65486261 1.0880e-25
248.15075377 127.15367196 9.3887e-27
248.36683417 129.72237461 7.5528e-28
248.58291457 132.35631866 5.6905e-29
248.79899497 135.05759967 4.0071e-30
249.01507538 137.82839612 2.6315e-31
249.23115578 140.68580953 1.5843e-32
249.44723618 143.62139091 8.8188e-34
249.66331658 146.63490485 4.5396e-35
249.87939698 149.72898147 2.1553e-36
250.09547739 152.91092586 9.3700e-38
250.31155779 156.19708680 3.6693e-39
250.52763819 159.57398930 1.3119e-40
250.74371859 163.04483218 4.2690e-42
250.95979899 166.61295370 1.2600e-43
251.17587940 170.29801037 3.3079e-45
251.39195980 174.10062213 7.7187e-47
251.60804020 178.01352035 1.6126e-48
251.82412060 182.04080718 3.0043e-50
252.04020101 186.18677377 4.9693e-52
252.25628141 190.48937974 7.0261e-54
252.47236181 194.92392562 8.7042e-56
252.68844221 199.49396257 9.4145e-58
252.90452261 204.20482259 8.8430e-60
253.12060302 209.07566058 7.0765e-62
253.33668342 214.12876164 4.7183e-64
253.55276382 219.34353064 2.6757e-66
253.76884422 224.72665303 1.2819e-68
253.98492462 230.28515794 5.1527e-71
254.20100503 236.06283764 1.6631e-73
254.41708543 242.05014205 4.3517e-76
254.63316583 248.24042870 9.2929e-79
254.84924623 254.64262724 1.6051e-81
255.06532663 261.27052718 2.2118e-84
255.28140704 268.18955520 2.2776e-87
255.49748744 275.35547028 1.8317e-90
255.71356784 282.77974086 1.1375e-93
255.92964824 290.47449995 5.3889e-97
256.14572864 298.48668660 1.8582e-100
256.36180905 306.84328733 4.5394e-104
256.57788945 315.51804192 8.0659e-108
256.79396985 324.52677801 1.0260e-111
257.01005025 333.88630734 9.1884e-116
257.22613065 343.69288896 5.2611e-120
257.44221106 353.91259053 1.9925e-124
257.65829146 364.54930444 4.9721e-129
257.87437186 375.62534746 7.9946e-134
258.09045226 387.18601694 7.9157e-139
258.30653266 399.33484247 4.3517e-144
258.52261307 412.01072151 1.4121e-149
258.73869347 425.24373434 2.6242e-155
258.95477387 439.06611483 2.7046e-161
259.17085427 453.59397116 1.3764e-167
259.38693467 468.85841462 3.3527e-174
259.60301508 484.83945623 3.9880e-181
259.81909548 501.58151727 2.2158e-188
260.03517588 519.13248079 5.4818e-196
260.25125628 537.71893828 4.8142e-204
260.46733668 557.25413728 1.6368e-212
260.68341709 577.78830489 2.0491e-221
260.89949749 599.38915316 8.8266e-231
261.11557789 622.20118572 1.1322e-240
261.33165829 646.41379842 3.5787e-251
261.54773869 671.96265770 2.9725e-262
261.76381910 698.94583494 5.8820e-274
261.97989950 727.47049121 2.4911e-286
262.19597990 757.86214110 0.0000e+00
262.41206030 790.17379675 0.0000e+00
262.62814070 824.45724884 0.0000e+00
262.84422111 860.87319204 0.0000e+00
263.06030151 899.61785803 0.0000e+00
263.27638191 941.27554379 0.0000e+00
263.49246231 985.71593005 0.0000e+00
263.70854271 1033.18818828 0.0000e+00
263.92462312 1083.96982493 0.0000e+00
264.14070352 1138.60598145 0.0000e+00
264.35678392 1197.59503518 0.0000e+00
264.57286432 1261.03655654 0.0000e+00
264.78894472 1329.38331211 0.0000e+00
265.00502513 1403.14676728 0.0000e+00
265.22110553 1483.55753078 0.0000e+00
265.43718593 1570.92490633 0.0000e+00
265.65326633 1665.86800094 0.0000e+00
265.86934673 1769.27698755 0.0000e+00
266.08542714 1882.36622259 0.0000e+00
266.30150754 2007.23389121 0.0000e+00
266.51758794 2144.41364626 0.0000e+00
266.73366834 2295.55990670 0.0000e+00
266.94974874 2462.61329506 0.0000e+00
267.16582915 2648.89137799 0.0000e+00
267.38190955 2857.32201361 0.0000e+00
267.59798995 3090.45127163 0.0000e+00
267.81407035 3352.30253651 0.0000e+00
268.03015075 3647.74980533 0.0000e+00
268.24623116 3985.94414559 0.0000e+00
268.46231156 4372.32877986 0.0000e+00
268.67839196 4816.02958055 0.0000e+00
268.89447236 5328.87688394 0.0000e+00
269.11055276 5927.68037464 0.0000e+00
269.32663317 6636.05825821 0.0000e+00
269.54271357 7476.20216171 0.0000e+00
269.75879397 8482.71563991 0.0000e+00
269.97487437 9702.32248650 0.0000e+00
270.19095477 11210.03268456 0.0000e+00
270.40703518 13098.45075034 0.0000e+00
270.62311558 15498.20011271 0.0000e+00
270.83919598 18611.05257079 0.0000e+00
271.05527638 22750.02034856 0.0000e+00
271.27135678 28482.30838240 0.0000e+00
271.48743719 36656.08380134 0.0000e+00
271.70351759 48877.70874354 0.0000e+00
271.91959799 68327.31012112 0.0000e+00
272.13567839 102226.55001772 0.0000e+00
272.35175879 169659.89594298 0.0000e+00
272.56783920 334047.34643868 0.0000e+00
272.78391960 933731.15587555 0.0000e+00
273.00000000 8558999.13536508 0.0000e+00
